67.340 14.530
22.330 0.100
55.300 14.240
4.010  8.410
30.820 16.440
76.080 44.580
75.730 37.160
72.650 12.680
68.980 18.850
11.120 20.490
54.680 26.060
59.890 28.730
47.060 26.740
46.120 20.350
63.470 26.830
61.070 6.690
76.110 51.840
74.620 35.900
77.320 47.230
59.000 35.610
44.830 33.690
61.010 11.100
51.990 21.820
16.330 28.090
43.070 23.220
6.750  10.060
75.550 48.190
75.410 39.810
31.770 7.560
73.520 45.060
75.450 28.010
32.450 33.050
64.260 31.730
46.080 11.980
0.230  22.160
72.480 37.790
77.620 45.950
73.920 22.440
34.840 28.290
62.710 21.350
49.850 1.400
19.160 15.690
72.800 48.990
75.090 32.390
0.100  26.760
68.070 29.930
51.850 32.580
30.230 19.420
